697
825
759
941
755
996
1037
853
749
890
694
1038
987
932
794
957
896
988
1019
708
926
834
965
861
1004
869
936
843
1025
748
1011
734
817
927
943
763
914
757
920
954
970
800
1008
788
756
933
1042
946
919
992
895
700
973
949
1009
738
978
985
1010
775
963
975
1013
829
730
1031
905
876
964
729
982
904
732
947
823
922
979
901
842
806
935
816
1023
948
804
815
707
1000
1022
724
826
907
983
971
899
968
712
849
1018
699
870
802
714
866
845
820
892
751
790
831
740
709
728
1003
924
750
977
813
881
760
785
986
915
807
771
1032
860
877
952
1028
908
827
836
796
781
900
891
798
808
1006
938
702
745
989
889
1001
956
859
741
917
837
912
792
779
776
974
1046
726
980
840
761
703
874
993
795
737
1017
921
818
777
1027
770
765
951
718
1012
1035
742
1036
835
1014
995
746
1033
1005
769
803
782
1043
1029
893
711
855
862
695
897
997
705
894
1034
752
704
962
739
747
884
721
766
999
991
882
768
945
928
850
984
727
976
819
972
720
990
887
937
857
942
872
871
754
844
780
735
830
824
764
966
841
864
772
784
911
880
805
778
722
969
797
940
801
883
789
898
865
994
1024
701
733
786
744
1040
910
822
787
903
698
753
931
918
906
856
1016
873
838
736
710
810
706
858
960
814
998
839
762
923
934
767
929
939
879
811
832
902
1002
743
944
1015
1030
1039
930
1045
863
716
847
696
846
885
828
793
723
1044
809
959
758
878
833
799
851
713
715
717
719
725
731
773
774
783
791
812
821
848
852
854
867
868
875
886
888
909
913
916
925
950
953
955
958
961
967
981
1007
1020
1021
1026
1041
